name: conda-server
channels:
  - conda-forge
  - defaults
dependencies:
  - _libgcc_mutex=0.1=conda_forge
  - _openmp_mutex=4.5=2_gnu
  - archspec=0.2.3=pyhd8ed1ab_0
  - boltons=23.1.1=pyhd8ed1ab_0
  - brotli-python=1.1.0=py311hb755f60_1
  - bzip2=1.0.8=hd590300_5
  - c-ares=1.27.0=hd590300_0
  - ca-certificates=2024.3.11=h06a4308_0
  - certifi=2024.2.2=py311h06a4308_0
  - cffi=1.16.0=py311hb3a22ac_0
  - charset-normalizer=3.3.2=pyhd8ed1ab_0
  - click=8.1.7=unix_pyh707e725_0
  - colorama=0.4.6=pyhd8ed1ab_0
  - conda=24.1.2=py311h38be061_0
  - conda-index=0.4.0=pyhd3eb1b0_0
  - conda-libmamba-solver=24.1.0=pyhd8ed1ab_0
  - conda-package-handling=2.2.0=pyh38be061_0
  - conda-package-streaming=0.9.0=pyhd8ed1ab_0
  - distro=1.9.0=pyhd8ed1ab_0
  - filelock=3.13.3=pyhd8ed1ab_0
  - fmt=10.2.1=h00ab1b0_0
  - icu=73.2=h59595ed_0
  - idna=3.6=pyhd8ed1ab_0
  - jinja2=3.1.3=pyhd8ed1ab_0
  - jsonpatch=1.33=pyhd8ed1ab_0
  - jsonpointer=2.4=py311h38be061_3
  - keyutils=1.6.1=h166bdaf_0
  - krb5=1.21.2=h659d440_0
  - ld_impl_linux-64=2.40=h41732ed_0
  - libarchive=3.7.2=h2aa1ff5_1
  - libcurl=8.6.0=hca28451_0
  - libedit=3.1.20191231=he28a2e2_2
  - libev=4.33=hd590300_2
  - libexpat=2.6.2=h59595ed_0
  - libffi=3.4.2=h7f98852_5
  - libgcc-ng=13.2.0=h807b86a_5
  - libgomp=13.2.0=h807b86a_5
  - libiconv=1.17=hd590300_2
  - libmamba=1.5.8=had39da4_0
  - libmambapy=1.5.8=py311hf2555c7_0
  - libnghttp2=1.58.0=h47da74e_1
  - libnsl=2.0.1=hd590300_0
  - libsolv=0.7.28=hfc55251_1
  - libsqlite=3.45.2=h2797004_0
  - libssh2=1.11.0=h0841786_0
  - libstdcxx-ng=13.2.0=h7e041cc_5
  - libuuid=1.41.5=h5eee18b_0
  - libxcrypt=4.4.36=hd590300_1
  - libxml2=2.12.6=h232c23b_1
  - libzlib=1.2.13=hd590300_5
  - lz4-c=1.9.4=hcb278e6_0
  - lzo=2.10=h516909a_1000
  - markupsafe=2.1.5=py311h459d7ec_0
  - menuinst=2.0.2=py311h38be061_0
  - more-itertools=10.2.0=pyhd8ed1ab_0
  - ncurses=6.4.20240210=h59595ed_0
  - openssl=3.2.1=hd590300_1
  - packaging=24.0=pyhd8ed1ab_0
  - pip=24.0=pyhd8ed1ab_0
  - platformdirs=4.2.0=pyhd8ed1ab_0
  - pluggy=1.4.0=pyhd8ed1ab_0
  - pybind11-abi=4=hd8ed1ab_3
  - pycosat=0.6.6=py311h459d7ec_0
  - pycparser=2.21=pyhd8ed1ab_0
  - pysocks=1.7.1=pyha2e5f31_6
  - python=3.11.8=h955ad1f_0
  - python_abi=3.11=2_cp311
  - pyyaml=6.0.1=py311h459d7ec_1
  - readline=8.2=h8228510_1
  - reproc=14.2.4.post0=hd590300_1
  - reproc-cpp=14.2.4.post0=h59595ed_1
  - requests=2.31.0=pyhd8ed1ab_0
  - ruamel.yaml=0.18.6=py311h459d7ec_0
  - ruamel.yaml.clib=0.2.8=py311h459d7ec_0
  - setuptools=69.2.0=pyhd8ed1ab_0
  - sqlite=3.41.2=h5eee18b_0
  - tk=8.6.13=noxft_h4845f30_101
  - tqdm=4.66.2=pyhd8ed1ab_0
  - truststore=0.8.0=pyhd8ed1ab_0
  - tzdata=2024a=h0c530f3_0
  - urllib3=2.2.1=pyhd8ed1ab_0
  - wheel=0.43.0=pyhd8ed1ab_0
  - xz=5.4.6=h5eee18b_0
  - yaml=0.2.5=h7f98852_2
  - yaml-cpp=0.8.0=h59595ed_0
  - zlib=1.2.13=hd590300_5
  - zstandard=0.22.0=py311haa97af0_0
  - zstd=1.5.5=hfc55251_0
  - pip:
      - annotated-types==0.6.0
      - anyio==4.3.0
      - dnspython==2.6.1
      - email-validator==2.1.1
      - fastapi==0.110.0
      - h11==0.14.0
      - httpcore==1.0.4
      - httptools==0.6.1
      - httpx==0.27.0
      - itsdangerous==2.1.2
      - orjson==3.9.15
      - pydantic==2.6.4
      - pydantic-core==2.16.3
      - pydantic-extra-types==2.6.0
      - pydantic-settings==2.2.1
      - python-dotenv==1.0.1
      - python-multipart==0.0.9
      - sniffio==1.3.1
      - starlette==0.36.3
      - typing-extensions==4.10.0
      - ujson==5.9.0
      - uvicorn==0.29.0
      - uvloop==0.19.0
      - watchfiles==0.21.0
      - websockets==12.0
prefix: /home/vscode/.conda/envs/conda-server
